2950
2927
2897
2893
2860
2851
2840
2839
2832
2831
2830
2813
2802
2801
2795
2756
2747
2712
2711
2708
2707
2694
2693
2665
2662
2660
2633
2611
2587
2585
2575
2558
2550
2537
2533
2501
2500
2477
2476
2475
2396
2318
2198
2191
2190
2189
2168
2135
2093
2080
2059
1943
1941
1931
1930
1929
1928
1927
1926
1925
1917
1735
1716
1640
1635
1538
1537
1524
1507
1496
1413
1380
1317
1300
1280
1233
1229
1083
1039
1032
1030
991
871
860
857
856
853
814
812
769
764
720
690
675
674
659
576
549
532
506
484
423
410
409
253
209
183
181
180
173
130
93
65
62
