2967
2966
2965
2964
2963
2962
2961
2960
2959
2958
2957
2956
2955
2954
2953
2952
2951
2949
2948
2947
2946
2945
2944
2943
2942
2941
2940
2938
2937
2936
2935
2934
2933
2932
2931
2930
2929
2928
2926
2925
2924
2923
2922
2921
2920
2919
2918
2917
2916
2915
2914
2913
2912
2911
2910
2909
2908
2907
2906
2905
2903
2902
2901
2900
2899
2898
2896
2895
2894
2892
2891
2890
2889
2888
2887
2886
2885
2884
2883
2882
2881
2880
2879
2878
2877
2876
2875
2874
2873
2872
2871
2870
2869
2868
2867
2866
2865
2864
2863
2862
2861
2859
2858
2856
2855
2854
2853
2852
2850
2849
2847
2842
2841
2837
2836
2835
2827
2826
2825
2824
2823
2822
2821
2820
2817
2816
2814
2812
2811
2810
2809
2806
2800
2799
2794
2793
2792
2791
2790
2789
2788
2787
2785
2784
2783
2782
2781
2780
2779
2778
2776
2775
2774
2773
2772
2771
2770
2769
2768
2767
2765
2762
2761
2760
2758
2757
2754
2749
2748
2745
2744
2743
2742
2741
2737
2736
2735
2734
2730
2729
2728
2727
2726
2724
2723
2722
2721
2720
2719
2718
2717
2716
2715
2713
2706
2705
2704
2703
2700
2699
2698
2697
2695
2692
2691
2690
2689
2688
2687
2686
2685
2684
2683
2682
2681
2680
2679
2678
2676
2675
2673
2672
2671
2669
2668
2667
2666
2663
2659
2658
2655
2654
2653
2651
2650
2649
2646
2645
2643
2642
2641
2640
2639
2638
2637
2636
2635
2634
2631
2629
2628
2627
2626
2625
2624
2622
2620
2619
2618
2617
2616
2615
2614
2613
2612
2609
2608
2607
2606
2605
2604
2603
2601
2599
2598
2597
2596
2595
2594
2593
2592
2591
2589
2586
2584
2583
2581
2580
2579
2574
2573
2572
2571
2569
2568
2565
2564
2563
2562
2561
2560
2559
2557
2556
2555
2554
2553
2552
2551
2549
2548
2547
2546
2545
2543
2540
2538
2535
2534
2531
2530
2529
2527
2526
2522
2521
2515
2514
2513
2511
2510
2509
2508
2507
2506
2505
2504
2503
2498
2497
2496
2493
2492
2491
2490
2488
2486
2485
2484
2481
2480
2479
2478
2473
2470
2469
2468
2467
2466
2465
2462
2461
2460
2459
2458
2457
2456
2455
2454
2453
2452
2450
2446
2445
2442
2441
2440
2439
2438
2437
2434
2433
2432
2429
2428
2426
2423
2422
2420
2418
2417
2416
2415
2414
2413
2412
2410
2407
2406
2405
2404
2403
2402
2401
2400
2399
2398
2397
2395
2394
2393
2391
2390
2389
2388
2387
2386
2385
2384
2383
2381
2380
2376
2375
2374
2373
2372
2371
2369
2368
2367
2365
2364
2363
2362
2361
2356
2355
2354
2353
2352
2348
2347
2346
2344
2341
2339
2338
2337
2336
2333
2331
2330
2329
2328
2326
2325
2322
2321
2320
2317
2315
2314
2313
2311
2310
2306
2305
2304
2303
2302
2300
2299
2298
2297
2296
2295
2293
2290
2289
2287
2285
2283
2281
2278
2277
2276
2275
2273
2272
2270
2269
2268
2266
2263
2262
2261
2258
2256
2255
2254
2251
2250
2244
2241
2238
2237
2236
2235
2234
2233
2232
2223
2222
2219
2218
2217
2213
2212
2211
2210
2208
2207
2206
2205
2204
2203
2202
2201
2200
2197
2196
2195
2194
2193
2192
2184
2181
2180
2179
2178
2177
2176
2175
2173
2172
2170
2167
2164
2163
2162
2160
2159
2157
2156
2151
2150
2148
2146
2145
2144
2143
2142
2141
2134
2133
2129
2128
2125
2124
2122
2121
2120
2119
2116
2114
2113
2112
2111
2110
2107
2101
2100
2099
2098
2097
2089
2086
2083
2081
2079
2074
2072
2063
2058
2056
2055
2053
2052
2051
2049
2048
2047
2046
2045
2044
2043
2041
2039
2035
2034
2031
2029
2028
2025
2021
2020
2019
2016
2013
2012
2007
2006
2005
2003
2002
1994
1993
1991
1987
1986
1985
1984
1982
1979
1978
1977
1976
1975
1974
1971
1969
1966
1965
1964
1960
1959
1957
1954
1952
1951
1950
1949
1948
1947
1946
1945
1939
1938
1936
1935
1933
1923
1922
1921
1920
1919
1915
1911
1906
1904
1902
1900
1899
1897
1896
1895
1893
1892
1888
1877
1876
1875
1873
1871
1870
1869
1868
1867
1865
1858
1857
1855
1854
1852
1850
1849
1848
1846
1843
1842
1841
1840
1838
1836
1832
1829
1826
1822
1818
1817
1815
1808
1802
1801
1800
1797
1796
1795
1786
1781
1778
1776
1768
1766
1765
1758
1755
1752
1744
1743
1740
1734
1729
1721
1720
1719
1718
1712
1708
1707
1704
1702
1700
1699
1696
1694
1692
1691
1690
1683
1678
1673
1671
1669
1668
1666
1665
1656
1655
1653
1652
1646
1625
1621
1620
1619
1617
1612
1611
1608
1604
1603
1602
1600
1598
1597
1593
1592
1590
1589
1586
1585
1584
1580
1575
1574
1572
1571
1570
1569
1568
1563
1560
1555
1552
1545
1544
1543
1542
1541
1540
1539
1536
1533
1532
1526
1525
1519
1517
1512
1511
1510
1508
1505
1504
1503
1502
1499
1497
1494
1493
1488
1487
1484
1482
1481
1480
1475
1472
1466
1465
1464
1462
1453
1452
1444
1435
1433
1431
1430
1425
1424
1423
1422
1417
1415
1414
1410
1409
1408
1407
1403
1402
1399
1397
1395
1394
1381
1377
1373
1370
1366
1365
1359
1356
1353
1352
1351
1349
1346
1343
1342
1335
1328
1327
1314
1305
1303
1293
1291
1290
1288
1284
1276
1274
1272
1267
1260
1257
1245
1242
1236
1235
1234
1232
1230
1224
1223
1218
1217
1216
1215
1213
1212
1210
1209
1207
1205
1200
1198
1191
1186
1181
1180
1179
1173
1167
1158
1156
1154
1152
1151
1146
1139
1137
1136
1134
1120
1102
1101
1095
1085
1082
1081
1079
1077
1059
1057
1050
1047
1046
1045
1044
1043
1042
1041
1036
1035
1034
1026
1024
1023
1019
1017
1004
1001
994
993
987
986
975
969
968
963
962
961
960
952
945
940
938
936
935
933
932
929
911
908
903
901
898
897
895
894
893
890
889
877
875
873
870
863
849
846
845
837
835
834
833
832
827
826
823
815
799
798
797
796
792
791
790
788
787
786
781
778
775
774
771
763
753
752
751
746
745
744
743
742
741
733
732
730
726
722
721
719
717
714
711
708
704
703
702
701
700
698
688
687
682
681
680
677
666
665
660
657
656
653
651
640
639
638
633
632
627
624
620
619
615
614
611
605
604
603
601
599
584
577
573
569
567
566
563
555
522
515
509
501
495
480
469
466
465
460
456
455
450
447
445
443
441
434
425
422
420
415
414
413
412
411
407
403
396
392
391
390
384
383
382
381
366
362
358
357
351
346
335
320
314
311
310
309
306
303
302
301
300
299
287
275
271
262
248
247
244
239
235
233
232
227
220
219
216
215
212
211
210
208
198
197
196
174
169
168
161
150
149
148
147
146
145
144
143
142
140
136
133
132
131
129
128
126
122
120
119
117
110
109
106
105
104
102
96
91
74
73
70
64
63
61
60
56
53
52
48
46
41
27
24
22
